Matrix
28.859 -0.008 2.406 19.24 30.459
14.436 -0.001 1.203 9.624 18.248
120.204 -0.032 10.024 80.144 128.156
-57.714 0.016 -4.812 -38.478 -60.908

XGaus
1 1000 -20 3 
NormV XGaus
1000.2
Treg Matrix after Gaus
120.204 -0.032 10.024 80.144 128.156
0 0.00284307 -0.000840671 -0.000960767 2.857
0 0 0.00104891 0.0020559 -0.0148106
0 0 0 -6.69523e-06 -2.00857e-05

discrepancyG=7.94411e-15

XQR
1 1000 -20 3 
NormV XQR
1000.2
Treg Matrix after QR
137.19 -0.036557 11.4399 91.4681 146.239
0 0.0029303 -0.000571079 -0.000410572 2.94049
0 0 0.00107071 0.00210198 -0.0151083
0 0 0 -5.57577e-06 -1.67273e-05

discrepancyQR=3.79326e-14

Matrix Q
0.210358 -0.105777 -0.501008 0.832798 
0.105226 0.97149 -0.21036 -0.0297375 
0.876185 0.0104729 0.477169 0.0670766 
-0.420686 0.211919 0.690688 0.548693 

Matrix R
137.19 -0.036557 11.4399 91.4681 
0 0.0029303 -0.000571079 -0.000410572 
0 0 0.00107071 0.00210198 
0 0 0 -5.57577e-06 

Cond1=122414849.913618   Condinf=109686235.226615

Matrix A^(-1)
75179.999984 -2666.666666 6014.999999 49453.333323 
36089.999992 -1000.000000 3007.499999 24059.999995 
292749.999937 -10666.666664 24062.499995 193833.333292 
-149359.999968 5333.333332 -12029.999997 -98406.666645 

Matrix A*A^(-1)
1.000000 0.000000 0.000000 0.000000 
0.000000 1.000000 0.000000 0.000000 
0.000000 0.000000 1.000000 -0.000000 
0.000000 -0.000000 0.000000 1.000000 

Max deltax/deltaright= 49585.174071 Number 1
