Matrix
1.84 0.039999999 7.0840001 -23.292 -7.1360002
27 -0.068999998 108.476 -345.39301 -319.604
5.4000001 -0.0099999998 21.669001 -69.056999 -62.675999
1.8 0 7.1999998 -23 -19.799999

XGaus
3.3919971 302.7475 -3.6030731 -0.0015884165 
NormV XGaus
302.78793
Treg Matrix after Gaus
27 -0.068999998 108.476 -345.39301 -319.604
0 0.044702221 -0.30843878 0.24589539 14.644423
0 0 2.0103529e-05 0.00070362352 -7.3552132e-05
0 0 0 0.00067583844 -1.073513e-06

discrepancyG=3.0591993e-05

XQR
4.8218913 300.36581 -3.9441569 0.0035423939 
NormV XQR
300.43042
Treg Matrix after QR
27.654758 -0.06665761 111.07887 -353.74661 -326.039
0 0.044919517 -0.30993605 0.24722312 14.7156
0 0 2.0495996e-05 0.00090565049 -7.7631252e-05
0 -0 0 -0.00064808183 -2.2957611e-06

discrepancyQR=3.2939752e-05

Matrix Q
0.066534661 0.9892146 -0.10823815 0.072884873 
0.9763239 -0.087280206 -0.19792295 -0.00059483573 
0.19526479 0.067139715 0.93271571 0.2956439 
0.065088257 0.096586704 0.28134036 -0.95251364 

Matrix R
27.654758 -0.06665761 111.07887 -353.74661 
0 0.044919517 -0.30993605 0.24722312 
0 0 2.0495996e-05 0.00090565049 
0 -0 0 -0.00064808183 

Cond1=365652096.00000000   Condinf=428668096.00000000

Matrix A^(-1)
-337.30670166 38888.44921875 -269679.53125000 226057.21875000 
-1263.48022461 -67055.92187500 457531.93750000 -365465.46875000 
-276.37911987 -9716.94531250 65941.40625000 -51787.52343750 
-112.91659546 1.61728370 -462.82562256 1479.64355469 

Matrix A*A^(-1)
1.00000000 0.00210190 0.00976562 -0.01171875 
0.00000000 1.02655029 -0.26562500 -0.03125000 
0.00048828 0.00273895 0.84960938 0.00781250 
0.00024414 -0.00221252 -0.04199219 1.01171875 

Max deltax/deltaright= 576769.00000000 Number 3
