Matrix
80 -4.3200002 -5.04 3.6900001 584.47998
-6.6999998 149.8 -6.7600002 -1.13 -1258.8199
-4.52 1.6900001 -84.800003 0 -214.75999
-8.5799999 5.52 9.1800003 65.599998 -85.860001

XGaus
7 -7.999999 1.9999998 -8.6637094e-08 
NormV XGaus
10.816653
Treg Matrix after Gaus
80 -4.3200002 -5.04 3.6900001 584.47998
0 149.4382 -7.1821003 -0.82096255 -1209.8698
0 0 -85.015274 0.21642838 -170.03053
0 0 0 66.046143 -5.7220459e-06

discrepancyG=1.5258789e-05

XQR
7 -8 1.9999999 -2.9227548e-08 
NormV XQR
10.816654
Treg Matrix after QR
80.863693 -17.365774 -0.66007763 -3.2162395 703.65186
0 148.96463 -7.3505802 0.81257349 -1206.4182
0 0 85.392899 6.968956 170.78578
-0 -0 0 -65.258591 1.9073486e-06

discrepancyQR=0.00012207031

Matrix Q
0.98931921 0.086331174 -0.04394263 -0.10892012 
-0.082855485 0.99594891 0.0059268507 0.034433309 
-0.055896536 0.0048287548 -0.99307346 -0.10323521 
-0.10610449 0.024686489 0.10880794 -0.98807561 

Matrix R
80.863693 -17.365774 -0.66007763 -3.2162395 
0 148.96463 -7.3505802 0.81257349 
0 0 85.392899 6.968956 
-0 -0 0 -65.258591 

Cond1=2.57415938   Condinf=3.11018777

Matrix A^(-1)
0.01241108 0.00039291 -0.00084380 -0.00069136 
0.00053832 0.00669424 -0.00055643 0.00008503 
-0.00065081 0.00011247 -0.01175856 0.00003855 
0.00166905 -0.00052764 0.00158194 0.01514093 

Matrix A*A^(-1)
1.00000000 0.00000000 -0.00000000 0.00000000 
0.00000001 1.00000000 0.00000000 0.00000000 
0.00000000 0.00000000 0.99999994 0.00000000 
0.00000000 0.00000000 0.00000001 1.00000000 

Max deltax/deltaright= 1.97299218 Number 4
