Matrix
10 6 2 0 25
5 1 -2 4 14
3 5 1 -1 10
0 6 -2 2 8

XGaus
2 1 -0.5 0.5 
NormV XGaus
2.34521
Treg Matrix after Gaus
10 6 2 0 25
0 6 -2 2 8
0 0 -3.66667 4.66667 4.16667
0 0 0 -0.2 -0.1

discrepancyG=3.97205e-15

XQR
2 1 -0.5 0.5 
NormV XQR
2.34521
Treg Matrix after QR
11.5758 6.91095 1.12303 1.46858 30.2354
0 7.08793 -0.671732 0.120027 7.48381
-0 0 3.3597 -4.33629 -3.84799
0 0 0 0.159617 0.0798087

discrepancyQR=1.98603e-15

Matrix Q
0.863868 0.00421149 0.307373 0.399043 
0.431934 -0.280064 -0.795667 -0.319235 
0.259161 0.452735 0.301536 -0.798087 
0 0.846509 -0.426042 0.319235 

Matrix R
11.5758 6.91095 1.12303 1.46858 
0 7.08793 -0.671732 0.120027 
-0 0 3.3597 -4.33629 
0 0 0 0.159617 

Cond1=240.545455   Condinf=269.181818

Matrix A^(-1)
-0.727273 0.727273 1.545455 -0.681818 
0.272727 -0.272727 -0.454545 0.318182 
3.318182 -2.818182 -6.363636 2.454545 
2.500000 -2.000000 -5.000000 2.000000 

Matrix A*A^(-1)
1.000000 0.000000 0.000000 0.000000 
0.000000 1.000000 0.000000 0.000000 
-0.000000 0.000000 1.000000 -0.000000 
0.000000 0.000000 0.000000 1.000000 

Max deltax/deltaright= 110.439758 Number 3
