Matrix
1 1 1 1 4
0 1 1 1 3
0 0 1 1 2
0 0 0 1 1

XGaus
1 1 1 1 
NormV XGaus
2
Treg Matrix after Gaus
1 1 1 1 4
0 1 1 1 3
0 0 1 1 2
0 0 0 1 1

discrepancyG=0

XQR
1 1 1 1 
NormV XQR
2
Treg Matrix after QR
1 1 1 1 4
0 1 1 1 3
0 0 1 1 2
0 0 0 1 1

discrepancyQR=0

Matrix Q
1 0 0 0 
0 1 0 0 
0 0 1 0 
0 0 0 1 

Matrix R
1 1 1 1 
0 1 1 1 
0 0 1 1 
0 0 0 1 

Cond1=8.000000   Condinf=8.000000

Matrix A^(-1)
1.000000 -1.000000 0.000000 0.000000 
0.000000 1.000000 -1.000000 0.000000 
0.000000 0.000000 1.000000 -1.000000 
0.000000 0.000000 0.000000 1.000000 

Matrix A*A^(-1)
1.000000 0.000000 0.000000 0.000000 
0.000000 1.000000 0.000000 0.000000 
0.000000 0.000000 1.000000 0.000000 
0.000000 0.000000 0.000000 1.000000 

Max deltax/deltaright= 3.876857 Number 2
