Matrix
-150.60001 -8.29 7.3899999 8.5699997 -484.37
7.6999998 -77 -0.88999999 -2.6199999 -355.03
4.3299999 3.03 146.8 -4.2800002 1077.14
8.7399998 -2.5999999 -1.27 -112.4 566.33002

XGaus
2.9999998 5 6.999999 -5 
NormV XGaus
10.392304
Treg Matrix after Gaus
-150.60001 -8.29 7.3899999 8.5699997 -484.37
0 -77.423859 -0.51215804 -2.1818259 -379.79526
0 0 146.99402 -4.112268 1049.5194
0 0 0 -111.83878 559.19391

discrepancyG=0.0001258272

XQR
3.0000002 5.0000005 7.000001 -4.9999995 
NormV XQR
10.392305
Treg Matrix after QR
151.11185 4.2747803 -3.2773266 -15.298101 528.25867
0 77.429909 6.0620341 6.1392603 398.88751
0 0 146.83244 -3.4545851 1045.1002
0 0 0 -111.57389 557.86938

discrepancyQR=0.00026074229

Matrix Q
-0.99661291 -0.052043181 0.030233519 0.056037623 
0.050955638 -0.99726093 0.036248311 -0.039500203 
0.028654275 0.037550207 0.99886829 0.0055702911 
0.057837959 -0.036771894 -0.0058402191 0.99763143 

Matrix R
151.11185 4.2747803 -3.2773266 -15.298101 
0 77.429909 6.0620341 6.1392603 
0 0 146.83244 -3.4545851 
0 0 0 -111.57389 

Cond1=2.44735098   Condinf=2.42557144

Matrix A^(-1)
-0.00662352 0.00074429 0.00033332 -0.00053505 
-0.00064751 -0.01292758 -0.00004359 0.00025363 
0.00019409 0.00025520 0.00680160 -0.00025014 
-0.00050225 0.00035403 -0.00004992 -0.00894144 

Matrix A*A^(-1)
1.00000000 0.00000000 -0.00000000 -0.00000001 
0.00000001 1.00000000 -0.00000000 -0.00000000 
-0.00000000 -0.00000001 1.00000000 0.00000000 
-0.00000000 0.00000000 -0.00000000 1.00000000 

Max deltax/deltaright= 1.69769931 Number 2
