Matrix
10 6 2 0 25
5 1 -2 4 14
3 5 1 -1 10
0 6 -2 2 8

XGaus
2 1 -0.5 0.5 
NormV XGaus
2.34521
Treg Matrix after Gaus
10 6 2 0 25
0 6 -2 2 8
0 0 -3.66667 4.66667 4.16667
0 0 0 -0.2 -0.1

discrepancyG=0

XQR
2 1 -0.5 0.5 
NormV XQR
2.34521
Treg Matrix after QR
11.5758 6.91095 1.12303 1.46858 30.2354
0 7.08793 -0.671732 0.120028 7.48381
-0 0 3.3597 -4.33629 -3.84799
0 0 0 0.159617 0.0798086

discrepancyQR=9.53674e-07

Matrix Q
0.863868 0.00421148 0.307373 0.399043 
0.431934 -0.280064 -0.795667 -0.319235 
0.259161 0.452735 0.301536 -0.798087 
0 0.846509 -0.426042 0.319235 

Matrix R
11.5758 6.91095 1.12303 1.46858 
0 7.08793 -0.671732 0.120028 
-0 0 3.3597 -4.33629 
0 0 0 0.159617 

Cond1=240.545242   Condinf=269.181580

Matrix A^(-1)
-0.727272 0.727272 1.545453 -0.681818 
0.272727 -0.272727 -0.454545 0.318182 
3.318179 -2.818179 -6.363631 2.454543 
2.499998 -1.999998 -4.999996 1.999998 

Matrix A*A^(-1)
1.000000 0.000000 0.000000 0.000000 
0.000001 1.000000 0.000000 0.000000 
0.000000 0.000000 1.000000 0.000000 
0.000000 0.000000 0.000000 1.000000 

Max deltax/deltaright= 110.442657 Number 3
