Matrix
80 -4.32 -5.04 3.69 584.48
-6.7 149.8 -6.76 -1.13 -1258.82
-4.52 1.69 -84.8 0 -214.76
-8.58 5.52 9.18 65.6 -85.86

XGaus
7 -8 2 -1.61374158338677e-16 
NormV XGaus
10.816653826392
Treg Matrix after Gaus
80 -4.32 -5.04 3.69 584.48
0 149.4382 -7.1821 -0.8209625 -1209.8698
0 0 -85.0152681161845 0.216428391301555 -170.030536232369
0 0 0 66.046144848255 -1.06581410364015e-14

discrepancyG=1.18044224889759e-13

XQR
7 -8 2 1.63321682932381e-16 
NormV XQR
10.816653826392
Treg Matrix after QR
80.8636927180549 -17.3657713715375 -0.66007868557408 -3.21623946740601 703.651862627536
0 148.964622929981 -7.35057998338024 0.812573605411046 -1206.41814340661
0 0 85.3928853595941 6.96895430635499 170.785770719188
-0 -0 0 -65.2585795409311 -1.06581410364015e-14

discrepancyQR=2.60489269689733e-13

Matrix Q
0.989319153144956 0.0863311702741877 -0.0439426226882728 -0.108920099939874 
-0.0828554790758901 0.995948888906489 0.00592685010482475 0.0344333083056202 
-0.05589653215269 0.00482875455948152 -0.993073387856126 -0.103235203078521 
-0.106104479174797 0.0246864913348114 0.108807925681298 -0.988075529478164 

Matrix R
80.8636927180549 -17.3657713715375 -0.66007868557408 -3.21623946740601 
0 148.964622929981 -7.35057998338024 0.812573605411046 
0 0 85.3928853595941 6.96895430635499 
-0 -0 0 -65.2585795409311 

Cond1=2.574159091170186   Condinf=3.110187802650025

Matrix A^(-1)
0.012411083577649 0.000392911824129 -0.000843804090411 -0.000691355305492 
0.000538323390831 0.006694236020571 -0.000556433906138 0.000085031606571 
-0.000650805792930 0.000112468130067 -0.011758565787886 0.000038545157971 
0.001669054103017 -0.000527644158789 0.001581940701203 0.015140929153360 

Matrix A*A^(-1)
1.000000000000000 0.000000000000000 0.000000000000000 0.000000000000000 
-0.000000000000000 1.000000000000000 0.000000000000000 -0.000000000000000 
0.000000000000000 0.000000000000000 1.000000000000000 0.000000000000000 
0.000000000000000 0.000000000000000 0.000000000000000 1.000000000000000 

Max deltax/deltaright= 1.971622786176714 Number 4
