Matrix
-150.6 -8.29 7.39 8.57 -484.37
7.7 -77 -0.89 -2.62 -355.03
4.33 3.03 146.8 -4.28 1077.14
8.74 -2.6 -1.27 -112.4 566.33

XGaus
3 5 7 -5 
NormV XGaus
10.3923048454133
Treg Matrix after Gaus
-150.6 -8.29 7.39 8.57 -484.37
0 -77.4238579017264 -0.512158034528552 -2.18182602921647 -379.79526560425
0 0 146.994008039514 -4.11226771793871 1049.51939486629
0 0 0 -111.838778563565 559.193892817823

discrepancyG=1.2710574864626e-13

XQR
3 5 7 -5 
NormV XQR
10.3923048454133
Treg Matrix after QR
151.111834414119 4.27478034731372 -3.27732637169104 -15.2981029511214 528.258635132694
0 77.4299118750772 6.06203389618632 6.13925960052195 398.88749864608
0 0 146.832448651158 -3.45458500960854 1045.10006560615
0 0 0 -111.573881711024 557.869408555122

discrepancyQR=4.72176899559035e-13

Matrix Q
-0.996612876707486 -0.0520431802540654 0.0302335205899337 0.0560376266682535 
0.0509556384505155 -0.997260907211334 0.0362483070290668 -0.0395002037419421 
0.028654274609186 0.0375502076603806 0.998868302786666 0.00557029077960456 
0.0578379584490267 -0.0367718947259077 -0.00584021903272962 0.997631440043048 

Matrix R
151.111834414119 4.27478034731372 -3.27732637169104 -15.2981029511214 
0 77.4299118750772 6.06203389618632 6.13925960052195 
0 0 146.832448651158 -3.45458500960854 
0 0 0 -111.573881711024 

Cond1=2.447350726032598   Condinf=2.425571436741764

Matrix A^(-1)
-0.006623520041431 0.000744286624634 0.000333315451540 -0.000535055051995 
-0.000647505925819 -0.012927580138760 -0.000043585634708 0.000253627052454 
0.000194088340386 0.000255197845502 0.006801601709269 -0.000250143564002 
-0.000502246814478 0.000354027332707 -0.000049924683933 -0.008941442430289 

Matrix A*A^(-1)
1.000000000000000 0.000000000000000 -0.000000000000000 0.000000000000000 
0.000000000000000 1.000000000000000 -0.000000000000000 0.000000000000000 
-0.000000000000000 0.000000000000000 1.000000000000000 0.000000000000000 
0.000000000000000 0.000000000000000 0.000000000000000 1.000000000000000 

Max deltax/deltaright= 1.691880714874748 Number 2
