Matrix
26.49 42.966 -56.778 -72.575996 -6.9180002
-0.41999999 -0.68099999 1.043 0.65100002 -0.24699999
8.8199997 14.322 -18.896 -24.191999 -2.306
2.52 4.092 -5.256 -7.4120002 -1.016

XGaus
1.8963461 1.0167837 0.63213646 0.8948949 
NormV XGaus
2.4146245
Treg Matrix after Gaus
26.49 42.966 -56.778 -72.575996 -6.9180002
0 0.016219139 0.0085659027 -0.027397156 -0.0026113987
0 0 0.14285663 -0.50000036 -0.3571429
0 0 0 9.9241734e-06 8.8810921e-06

discrepancyG=4.7830872e-06

XQR
2.8358393 1.00255 0.94531244 0.984375 
NormV XQR
3.3029838
Treg Matrix after QR
28.03639 45.479713 -60.07888 -76.859497 -7.3494949
0 0.015943194 0.048281305 -0.16644564 -0.10222016
0 0 0.19762883 -0.69169593 -0.49406719
-0 -0 0 5.7220459e-06 5.6326389e-06

discrepancyQR=1.9397282e-06

Matrix Q
0.94484335 -0.32687899 0.014759473 0.014257194 
-0.014980528 0.019458309 0.71875691 0.69482762 
0.31459111 0.90850466 -0.20028098 0.18851887 
0.089883178 0.25959763 0.66562611 -0.69388169 

Matrix R
28.03639 45.479713 -60.07888 -76.859497 
0 0.015943194 0.048281305 -0.16644564 
0 0 0.19762883 -0.69169593 
-0 -0 0 5.7220459e-06 

Cond1=160130448.00000000   Condinf=481771200.00000000

Matrix A^(-1)
21743.62695312 1058019.37500000 286951.43750000 -1056560.12500000 
-349.89624023 -16051.24707031 -4292.24462891 16025.71777344 
7236.81787109 352675.75000000 95684.52343750 -352189.31250000 
2067.65332031 100764.06250000 27338.88867188 -100627.08593750 

Matrix A*A^(-1)
1.03125000 0.00000000 -0.12500000 -1.00000000 
-0.00061035 1.00000000 -0.01562500 0.07812500 
-0.01171875 -0.25000000 0.87500000 -0.50000000 
0.00195312 0.00000000 0.06250000 0.75000000 

Max deltax/deltaright= 3416593.25000000 Number 2
