Matrix
28.859 -0.008 2.406 19.24 30.459
14.436 -0.001 1.203 9.624 18.248
120.204 -0.032 10.024 80.144 128.156
-57.714 0.016 -4.812 -38.478 -60.908

XGaus
1.49899 1000.24 -18.0402 2.00656 
NormV XGaus
1000.41
Treg Matrix after Gaus
120.204 -0.032 10.024 80.144 128.156
0 0.00284307 -0.000840664 -0.00096035 2.857
0 0 0.00104914 0.00205342 -0.0148064
0 0 0 -7.73161e-06 -1.5514e-05

discrepancyG=1.20631e-05

XQR
1.27455 1000.13 -18.9147 2.45252 
NormV XQR
1000.32
Treg Matrix after QR
137.19 -0.036557 11.4399 91.4681 146.239
0 0.0029303 -0.000571075 -0.000410902 2.94049
0 0 0.00107075 0.0020999 -0.0151028
0 0 0 -6.15674e-06 -1.50995e-05

discrepancyQR=3.20298e-05

Matrix Q
0.210358 -0.105778 -0.500903 0.832861 
0.105226 0.971489 -0.210363 -0.0297108 
0.876185 0.0104729 0.477178 0.0670166 
-0.420686 0.211919 0.690756 0.548607 

Matrix R
137.19 -0.036557 11.4399 91.4681 
0 0.0029303 -0.000571075 -0.000410902 
0 0 0.00107075 0.0020999 
0 0 0 -6.15674e-06 

Cond1=105913088.000000   Condinf=94880536.000000

Matrix A^(-1)
65132.671875 -2305.596680 5200.570801 42823.382812 
31163.892578 -822.981750 2608.217773 20809.449219 
253147.484375 -9243.538086 20852.492188 167701.015625 
-129339.210938 4613.855957 -10407.147461 -85195.539062 

Matrix A*A^(-1)
0.750000 0.007812 -0.015625 0.000000 
0.000000 1.000000 -0.007812 0.062500 
1.000000 0.031250 1.000000 0.000000 
0.000000 -0.015625 0.000000 1.000000 

Max deltax/deltaright= 42861.812500 Number 1
